ID=1 ROUT='ATL_cger2k_1x1_1.c' AUTH='R. Clint Whaley' KNAME='ATL_cger2k__1' \
   rankR=0 CacheElts=983 SSE=0 alignA=0 alignY=0 alignX=0 minX=0 minY=0 \
   NU=1 MU=1 LDAMUL=0 ADDCFLAGS=0 FNU=0 INCYISONE=0 X87=0 \
   MFLOP=-1.908150e+02,-1.909693e+02,-1.603490e+02,-2.542184e+02,-2.706775e+02
ID=1 ROUT='ATL_cger2k_1x1_1.c' AUTH='R. Clint Whaley' KNAME='ATL_cger2k__1' \
   rankR=0 CacheElts=3584 SSE=0 alignA=0 alignY=0 alignX=0 minX=0 minY=0 \
   NU=1 MU=1 LDAMUL=0 ADDCFLAGS=0 FNU=0 INCYISONE=0 X87=0 \
   MFLOP=-1.914553e+02,-1.909693e+02,-1.603490e+02,-2.542543e+02,-2.706775e+02
ID=1 ROUT='ATL_cger2k_1x1_1.c' AUTH='R. Clint Whaley' KNAME='ATL_cger2k__1' \
   rankR=0 CacheElts=983 SSE=0 alignA=0 alignY=0 alignX=0 minX=0 minY=0 \
   NU=1 MU=1 LDAMUL=0 ADDCFLAGS=0 FNU=0 INCYISONE=0 X87=0 \
   MFLOP=-1.914553e+02,-1.909693e+02,-1.603490e+02,-2.542184e+02,-2.696703e+02
ID=1 ROUT='ATL_cger2k_1x1_1.c' AUTH='R. Clint Whaley' KNAME='ATL_cger2k__1' \
   rankR=0 CacheElts=983 SSE=0 alignA=0 alignY=0 alignX=0 minX=0 minY=0 \
   NU=1 MU=1 LDAMUL=0 ADDCFLAGS=0 FNU=0 INCYISONE=0 X87=0 \
   MFLOP=-1.908150e+02
