ID=1 ROUT='ATL_ger2k_1x1_1.c' AUTH='R. Clint Whaley' KNAME='ATL_dger2k__1' \
   rankR=0 CacheElts=778 SSE=0 alignA=0 alignY=0 alignX=0 minX=0 minY=0 \
   NU=1 MU=1 LDAMUL=0 ADDCFLAGS=0 FNU=0 INCYISONE=0 X87=0 \
   MFLOP=-7.404663e+01,-7.472608e+01,-5.766350e+01,-1.188812e+02,-1.330395e+02
ID=1 ROUT='ATL_ger2k_1x1_1.c' AUTH='R. Clint Whaley' KNAME='ATL_dger2k__1' \
   rankR=0 CacheElts=3072 SSE=0 alignA=0 alignY=0 alignX=0 minX=0 minY=0 \
   NU=1 MU=1 LDAMUL=0 ADDCFLAGS=0 FNU=0 INCYISONE=0 X87=0 \
   MFLOP=-7.499127e+01,-7.472608e+01,-5.766350e+01,-1.189675e+02,-1.330395e+02
ID=1 ROUT='ATL_ger2k_1x1_1.c' AUTH='R. Clint Whaley' KNAME='ATL_dger2k__1' \
   rankR=0 CacheElts=778 SSE=0 alignA=0 alignY=0 alignX=0 minX=0 minY=0 \
   NU=1 MU=1 LDAMUL=0 ADDCFLAGS=0 FNU=0 INCYISONE=0 X87=0 \
   MFLOP=-7.499127e+01,-7.472608e+01,-5.766350e+01,-1.188812e+02,-1.326816e+02
ID=1 ROUT='ATL_ger2k_1x1_1.c' AUTH='R. Clint Whaley' KNAME='ATL_dger2k__1' \
   rankR=0 CacheElts=778 SSE=0 alignA=0 alignY=0 alignX=0 minX=0 minY=0 \
   NU=1 MU=1 LDAMUL=0 ADDCFLAGS=0 FNU=0 INCYISONE=0 X87=0 \
   MFLOP=-7.404663e+01
