ID=1 ROUT='ATL_ger2k_1x1_1.c' AUTH='R. Clint Whaley' KNAME='ATL_sger2k__1' \
   rankR=0 CacheElts=1515 SSE=0 alignA=0 alignY=0 alignX=0 minX=0 minY=0 \
   NU=1 MU=1 LDAMUL=0 ADDCFLAGS=0 FNU=0 INCYISONE=0 X87=0 \
   MFLOP=-1.008724e+02,-9.925435e+01,-8.417500e+01,-1.387170e+02,-1.473867e+02
ID=1 ROUT='ATL_ger2k_1x1_1.c' AUTH='R. Clint Whaley' KNAME='ATL_sger2k__1' \
   rankR=0 CacheElts=4096 SSE=0 alignA=0 alignY=0 alignX=0 minX=0 minY=0 \
   NU=1 MU=1 LDAMUL=0 ADDCFLAGS=0 FNU=0 INCYISONE=0 X87=0 \
   MFLOP=-1.010941e+02,-9.925435e+01,-8.417500e+01,-1.380816e+02,-1.473867e+02
ID=1 ROUT='ATL_ger2k_1x1_1.c' AUTH='R. Clint Whaley' KNAME='ATL_sger2k__1' \
   rankR=0 CacheElts=1515 SSE=0 alignA=0 alignY=0 alignX=0 minX=0 minY=0 \
   NU=1 MU=1 LDAMUL=0 ADDCFLAGS=0 FNU=0 INCYISONE=0 X87=0 \
   MFLOP=-1.010941e+02,-9.925435e+01,-8.417500e+01,-1.387170e+02,-1.473932e+02
ID=1 ROUT='ATL_ger2k_1x1_1.c' AUTH='R. Clint Whaley' KNAME='ATL_sger2k__1' \
   rankR=0 CacheElts=1515 SSE=0 alignA=0 alignY=0 alignX=0 minX=0 minY=0 \
   NU=1 MU=1 LDAMUL=0 ADDCFLAGS=0 FNU=0 INCYISONE=0 X87=0 \
   MFLOP=-1.008724e+02
