ID=1 ROUT='ATL_cger2k_1x1_1.c' AUTH='R. Clint Whaley' KNAME='ATL_zger2k__1' \
   rankR=0 CacheElts=358 SSE=0 alignA=0 alignY=0 alignX=0 minX=0 minY=0 \
   NU=1 MU=1 LDAMUL=0 ADDCFLAGS=0 FNU=0 INCYISONE=0 X87=0 \
   MFLOP=-1.440142e+02,-1.414353e+02,-1.117302e+02,-2.252322e+02,-2.356519e+02
ID=1 ROUT='ATL_cger2k_1x1_1.c' AUTH='R. Clint Whaley' KNAME='ATL_zger2k__1' \
   rankR=0 CacheElts=1024 SSE=0 alignA=0 alignY=0 alignX=0 minX=0 minY=0 \
   NU=1 MU=1 LDAMUL=0 ADDCFLAGS=0 FNU=0 INCYISONE=0 X87=0 \
   MFLOP=-1.447307e+02,-1.414353e+02,-1.117302e+02,-2.254729e+02,-2.356519e+02
ID=1 ROUT='ATL_cger2k_1x1_1.c' AUTH='R. Clint Whaley' KNAME='ATL_zger2k__1' \
   rankR=0 CacheElts=358 SSE=0 alignA=0 alignY=0 alignX=0 minX=0 minY=0 \
   NU=1 MU=1 LDAMUL=0 ADDCFLAGS=0 FNU=0 INCYISONE=0 X87=0 \
   MFLOP=-1.447307e+02,-1.414353e+02,-1.117302e+02,-2.252322e+02,-2.355855e+02
ID=1 ROUT='ATL_cger2k_1x1_1.c' AUTH='R. Clint Whaley' KNAME='ATL_zger2k__1' \
   rankR=0 CacheElts=358 SSE=0 alignA=0 alignY=0 alignX=0 minX=0 minY=0 \
   NU=1 MU=1 LDAMUL=0 ADDCFLAGS=0 FNU=0 INCYISONE=0 X87=0 \
   MFLOP=-1.440142e+02
