ID=1 ROUT='ATL_cger2k_1x1_1.c' AUTH='R. Clint Whaley' KNAME='ATL_cger2k__1' \
   rankR=0 CacheElts=778 SSE=0 alignA=0 alignY=0 alignX=0 minX=0 minY=0 \
   YU=1 XU=1 LDAMUL=0 ADDCFLAGS=0 FYU=0 INCYISONE=0 X87=0 \
   MFLOP=-1.915622e+02,-1.914758e+02,-1.588372e+02,-2.509974e+02,-2.654253e+02
ID=1 ROUT='ATL_cger2k_1x1_1.c' AUTH='R. Clint Whaley' KNAME='ATL_cger2k__1' \
   rankR=0 CacheElts=3584 SSE=0 alignA=0 alignY=0 alignX=0 minX=0 minY=0 \
   YU=1 XU=1 LDAMUL=0 ADDCFLAGS=0 FYU=0 INCYISONE=0 X87=0 \
   MFLOP=-1.915622e+02,-1.914758e+02,-1.588372e+02,-2.509974e+02,-2.654253e+02
ID=1 ROUT='ATL_cger2k_1x1_1.c' AUTH='R. Clint Whaley' KNAME='ATL_cger2k__1' \
   rankR=0 CacheElts=778 SSE=0 alignA=0 alignY=0 alignX=0 minX=0 minY=0 \
   YU=1 XU=1 LDAMUL=0 ADDCFLAGS=0 FYU=0 INCYISONE=0 X87=0 \
   MFLOP=-1.915622e+02,-1.914758e+02,-1.588372e+02,-2.509974e+02,-2.654253e+02
ID=1 ROUT='ATL_cger2k_1x1_1.c' AUTH='R. Clint Whaley' KNAME='ATL_cger2k__1' \
   rankR=0 CacheElts=778 SSE=0 alignA=0 alignY=0 alignX=0 minX=0 minY=0 \
   YU=1 XU=1 LDAMUL=0 ADDCFLAGS=0 FYU=0 INCYISONE=0 X87=0 \
   MFLOP=-1.920520e+02
