ID=1 ROUT='ATL_ger2k_1x1_1.c' AUTH='R. Clint Whaley' KNAME='ATL_dger2k__1' \
   rankR=0 CacheElts=839 SSE=0 alignA=0 alignY=0 alignX=0 minX=0 minY=0 \
   YU=1 XU=1 LDAMUL=0 ADDCFLAGS=0 FYU=0 INCYISONE=0 X87=0 \
   MFLOP=-7.502639e+01,-7.511795e+01,-5.758003e+01,-1.184189e+02,-1.320756e+02
ID=1 ROUT='ATL_ger2k_1x1_1.c' AUTH='R. Clint Whaley' KNAME='ATL_dger2k__1' \
   rankR=0 CacheElts=4096 SSE=0 alignA=0 alignY=0 alignX=0 minX=0 minY=0 \
   YU=1 XU=1 LDAMUL=0 ADDCFLAGS=0 FYU=0 INCYISONE=0 X87=0 \
   MFLOP=-7.502639e+01,-7.511795e+01,-5.758003e+01,-1.184189e+02,-1.320756e+02
ID=1 ROUT='ATL_ger2k_1x1_1.c' AUTH='R. Clint Whaley' KNAME='ATL_dger2k__1' \
   rankR=0 CacheElts=839 SSE=0 alignA=0 alignY=0 alignX=0 minX=0 minY=0 \
   YU=1 XU=1 LDAMUL=0 ADDCFLAGS=0 FYU=0 INCYISONE=0 X87=0 \
   MFLOP=-7.502639e+01,-7.511795e+01,-5.758003e+01,-1.184189e+02,-1.320756e+02
ID=1 ROUT='ATL_ger2k_1x1_1.c' AUTH='R. Clint Whaley' KNAME='ATL_dger2k__1' \
   rankR=0 CacheElts=839 SSE=0 alignA=0 alignY=0 alignX=0 minX=0 minY=0 \
   YU=1 XU=1 LDAMUL=0 ADDCFLAGS=0 FYU=0 INCYISONE=0 X87=0 \
   MFLOP=-7.558484e+01
