ID=1 ROUT='ATL_ger2k_1x1_1.c' AUTH='R. Clint Whaley' KNAME='ATL_sger2k__1' \
   rankR=0 CacheElts=1802 SSE=0 alignA=0 alignY=0 alignX=0 minX=0 minY=0 \
   YU=1 XU=1 LDAMUL=0 ADDCFLAGS=0 FYU=0 INCYISONE=0 X87=0 \
   MFLOP=-1.014628e+02,-1.007609e+02,-8.345905e+01,-1.345598e+02,-1.434686e+02
ID=1 ROUT='ATL_ger2k_1x1_1.c' AUTH='R. Clint Whaley' KNAME='ATL_sger2k__1' \
   rankR=0 CacheElts=6144 SSE=0 alignA=0 alignY=0 alignX=0 minX=0 minY=0 \
   YU=1 XU=1 LDAMUL=0 ADDCFLAGS=0 FYU=0 INCYISONE=0 X87=0 \
   MFLOP=-1.014628e+02,-1.007609e+02,-8.345905e+01,-1.345598e+02,-1.434686e+02
ID=1 ROUT='ATL_ger2k_1x1_1.c' AUTH='R. Clint Whaley' KNAME='ATL_sger2k__1' \
   rankR=0 CacheElts=1802 SSE=0 alignA=0 alignY=0 alignX=0 minX=0 minY=0 \
   YU=1 XU=1 LDAMUL=0 ADDCFLAGS=0 FYU=0 INCYISONE=0 X87=0 \
   MFLOP=-1.014628e+02,-1.007609e+02,-8.345905e+01,-1.345598e+02,-1.434686e+02
ID=1 ROUT='ATL_ger2k_1x1_1.c' AUTH='R. Clint Whaley' KNAME='ATL_sger2k__1' \
   rankR=0 CacheElts=1802 SSE=0 alignA=0 alignY=0 alignX=0 minX=0 minY=0 \
   YU=1 XU=1 LDAMUL=0 ADDCFLAGS=0 FYU=0 INCYISONE=0 X87=0 \
   MFLOP=-1.015623e+02
