ID=1 ROUT='ATL_cger2k_1x1_1.c' AUTH='R. Clint Whaley' KNAME='ATL_zger2k__1' \
   rankR=0 CacheElts=471 SSE=0 alignA=0 alignY=0 alignX=0 minX=0 minY=0 \
   YU=1 XU=1 LDAMUL=0 ADDCFLAGS=0 FYU=0 INCYISONE=0 X87=0 \
   MFLOP=-1.425966e+02,-1.401696e+02,-1.099536e+02,-2.203488e+02,-2.280564e+02
ID=1 ROUT='ATL_cger2k_1x1_1.c' AUTH='R. Clint Whaley' KNAME='ATL_zger2k__1' \
   rankR=0 CacheElts=768 SSE=0 alignA=0 alignY=0 alignX=0 minX=0 minY=0 \
   YU=1 XU=1 LDAMUL=0 ADDCFLAGS=0 FYU=0 INCYISONE=0 X87=0 \
   MFLOP=-1.425966e+02,-1.401696e+02,-1.099536e+02,-2.203488e+02,-2.280564e+02
ID=1 ROUT='ATL_cger2k_1x1_1.c' AUTH='R. Clint Whaley' KNAME='ATL_zger2k__1' \
   rankR=0 CacheElts=471 SSE=0 alignA=0 alignY=0 alignX=0 minX=0 minY=0 \
   YU=1 XU=1 LDAMUL=0 ADDCFLAGS=0 FYU=0 INCYISONE=0 X87=0 \
   MFLOP=-1.425966e+02,-1.401696e+02,-1.099536e+02,-2.203488e+02,-2.280564e+02
ID=1 ROUT='ATL_cger2k_1x1_1.c' AUTH='R. Clint Whaley' KNAME='ATL_zger2k__1' \
   rankR=0 CacheElts=471 SSE=0 alignA=0 alignY=0 alignX=0 minX=0 minY=0 \
   YU=1 XU=1 LDAMUL=0 ADDCFLAGS=0 FYU=0 INCYISONE=0 X87=0 \
   MFLOP=-1.456662e+02
