ID=0 ROUT='ATL_samm0_72k4p1437x64_d824_12x1x72.c' AUTH='R. Clint Whaley' TA='T' TB='N' \
   OPMV=3 VLEN=4 PFLS=64 PREF=5175 KBMAX=72 KBMIN=72 IVAR=16 KU=72 NU=1  \
   MU=12 MB=72 NB=77 KB=72 NOBCAST=0 KUISKB=1 KVEC=1 L14NB=0 PFCELTS=0  \
   PFBCOLS=0 PFABLK=0 PFACOLS=0 AOUTER=1 KRUNTIME=0 LDCTOP=1 X87=0  \
   MFLOP=-1.365414e+04
ID=0 ROUT='ATL_samm0_116k4p1111x64_d824_12x1x116.c' AUTH='R. Clint Whaley' TA='T' TB='N' \
   OPMV=3 VLEN=4 PFLS=64 PREF=4369 KBMAX=116 KBMIN=116 IVAR=16 KU=116 NU=1  \
   MU=12 MB=120 NB=117 KB=116 NOBCAST=0 KUISKB=1 KVEC=1 L14NB=0 PFCELTS=0  \
   PFBCOLS=0 PFABLK=0 PFACOLS=0 AOUTER=1 KRUNTIME=0 LDCTOP=1 X87=0  \
   MFLOP=-1.434173e+04
ID=0 ROUT='ATL_samm0_508k4p206x64_d824_12x1x508.c' AUTH='R. Clint Whaley' TA='T' TB='N' \
   OPMV=3 VLEN=4 PFLS=64 PREF=518 KBMAX=508 KBMIN=508 IVAR=16 KU=508 NU=1  \
   MU=12 MB=504 NB=504 KB=508 NOBCAST=0 KUISKB=1 KVEC=1 L14NB=0 PFCELTS=0  \
   PFBCOLS=0 PFABLK=0 PFACOLS=0 AOUTER=1 KRUNTIME=0 LDCTOP=1 X87=0  \
   MFLOP=-1.437939e+04
ID=0 ROUT='ATL_samm0_60k4p14x64_d824_12x1x60.c' AUTH='R. Clint Whaley' TA='T' TB='N' \
   OPMV=3 VLEN=4 PFLS=64 PREF=20 KBMAX=60 KBMIN=60 IVAR=16 KU=60 NU=1 MU=12  \
   MB=60 NB=66 KB=60 NOBCAST=0 KUISKB=1 KVEC=1 L14NB=0 PFCELTS=0 PFBCOLS=0  \
   PFABLK=0 PFACOLS=0 AOUTER=1 KRUNTIME=0 LDCTOP=1 X87=0  \
   MFLOP=-1.327178e+04
ID=0 ROUT='ATL_samm0_52k4p1011x64_d824_12x1x52.c' AUTH='R. Clint Whaley' TA='T' TB='N' \
   OPMV=3 VLEN=4 PFLS=64 PREF=4113 KBMAX=52 KBMIN=52 IVAR=16 KU=52 NU=1  \
   MU=12 MB=60 NB=56 KB=52 NOBCAST=0 KUISKB=1 KVEC=1 L14NB=0 PFCELTS=0  \
   PFBCOLS=0 PFABLK=0 PFACOLS=0 AOUTER=1 KRUNTIME=0 LDCTOP=1 X87=0  \
   MFLOP=-1.298715e+04
