ID=1 ROUT='ATL_cgerk_axpy.c' AUTH='R. Clint Whaley' KNAME='ATL_zgerk__1' \
   rankR=0 CacheElts=0 SSE=0 alignA=0 alignY=0 alignX=0 minM=0 minN=0 NU=1  \
   MU=16 LDAMUL=0  \
   MFLOP=-6.522311e+03,-6.066599e+03,-6.795076e+03,-7.950657e+03,-8.274419e+03
ID=1 ROUT='ATL_cgerk_axpy.c' AUTH='R. Clint Whaley' KNAME='ATL_zgerk__1' \
   rankR=0 CacheElts=15360 SSE=0 alignA=0 alignY=0 alignX=0 minM=0 minN=0  \
   NU=1 MU=16 LDAMUL=0  \
   MFLOP=-5.152998e+03,-6.066599e+03,0.000000e+00,-1.744493e+04,-8.274419e+03
ID=3 ROUT='ATL_zgerk_1x4_sse3.c' AUTH='R. Clint Whaley' KNAME='ATL_zgerk__3' \
   rankR=0 CacheElts=1802 SSE=0 alignA=0 alignY=0 alignX=0 minM=0 minN=0  \
   NU=4 MU=1 LDAMUL=0 ALIGNX2A=1  \
   MFLOP=-3.555160e+03,-4.967456e+03,0.000000e+00,0.000000e+00,-8.676096e+03
ID=1 ROUT='ATL_cgerk_axpy.c' AUTH='R. Clint Whaley' KNAME='ATL_zgerk__1' \
   rankR=0 CacheElts=1802 SSE=0 alignA=0 alignY=0 alignX=0 minM=0 minN=0  \
   NU=1 MU=16 LDAMUL=0  \
   MFLOP=-5.544143e+03
