ID=7 ROUT='ATL_gerk_vx4_vsx.c' AUTH='IBM' KNAME='ATL_dgerk__7' \
   rankR=0 CacheElts=0 SSE=0 alignA=0 alignY=0 alignX=0 minM=0 minN=0 NU=4  \
   MU=2 LDAMUL=0  \
   MFLOP=-4.207564e+03,-2.327303e+03,-4.167583e+03,-5.306225e+03,-4.575923e+03
ID=7 ROUT='ATL_gerk_vx4_vsx.c' AUTH='IBM' KNAME='ATL_dgerk__7' \
   rankR=0 CacheElts=320 SSE=0 alignA=0 alignY=0 alignX=0 minM=0 minN=0  \
   NU=4 MU=2 LDAMUL=0  \
   MFLOP=-1.970088e+03,-2.327303e+03,0.000000e+00,-5.741184e+03,-4.575923e+03
ID=7 ROUT='ATL_gerk_vx4_vsx.c' AUTH='IBM' KNAME='ATL_dgerk__7' \
   rankR=0 CacheElts=84 SSE=0 alignA=0 alignY=0 alignX=0 minM=0 minN=0  \
   NU=4 MU=2 LDAMUL=0  \
   MFLOP=-1.970088e+03,-2.327303e+03,0.000000e+00,0.000000e+00,-5.733057e+03
ID=900001 ROUT='dr1_C.c' AUTH='R. Clint Whaley' KNAME='ATL_dgerk__900001' \
   rankR=0 CacheElts=84 SSE=0 alignA=0 alignY=0 alignX=0 minM=40 minN=8  \
   NU=8 MU=40 LDAMUL=0 PFTUNABLE=1 FNU=1 INCYISONE=1  \
   MFLOP=-3.907663e+03,-3.910434e+03 \
     CFLAGS='-ansi -O -fomit-frame-pointer -mvsx -DPFXDIST=128 -DPFYDIST=256'
