ID=7 ROUT='ATL_gerk_vx4_vsx.c' AUTH='IBM' KNAME='ATL_sgerk__7' \
   rankR=0 CacheElts=0 SSE=0 alignA=0 alignY=0 alignX=0 minM=0 minN=0 NU=4  \
   MU=4 LDAMUL=0  \
   MFLOP=-9.919219e+03,-5.334326e+03,-9.950590e+03,-9.516841e+03,-6.096224e+03
ID=7 ROUT='ATL_gerk_vx4_vsx.c' AUTH='IBM' KNAME='ATL_sgerk__7' \
   rankR=0 CacheElts=2048 SSE=0 alignA=0 alignY=0 alignX=0 minM=0 minN=0  \
   NU=4 MU=4 LDAMUL=0  \
   MFLOP=-4.787450e+03,-5.334326e+03,0.000000e+00,-1.084689e+04,-6.096224e+03
ID=7 ROUT='ATL_gerk_vx4_vsx.c' AUTH='IBM' KNAME='ATL_sgerk__7' \
   rankR=0 CacheElts=148 SSE=0 alignA=0 alignY=0 alignX=0 minM=0 minN=0  \
   NU=4 MU=4 LDAMUL=0  \
   MFLOP=-4.787450e+03,-5.334326e+03,0.000000e+00,0.000000e+00,-1.086969e+04
ID=7 ROUT='ATL_gerk_vx4_vsx.c' AUTH='IBM' KNAME='ATL_sgerk__7' \
   rankR=0 CacheElts=148 SSE=0 alignA=0 alignY=0 alignX=0 minM=0 minN=0  \
   NU=4 MU=4 LDAMUL=0  \
   MFLOP=-2.047758e+03
