ID=900001 ROUT='zr1_C.c' AUTH='R. Clint Whaley' KNAME='ATL_zgerk__900001' \
   rankR=0 CacheElts=2048 SSE=0 alignA=0 alignY=0 alignX=0 minM=1 minN=12  \
   NU=12 MU=1 LDAMUL=0 PFTUNABLE=1 FNU=1 INCYISONE=1  \
   MFLOP=-3.660578e+02,-3.638039e+02 \
     CFLAGS='-ansi -O3 -DPFADIST=0 -DPFXDIST=384 -DPFYDIST=896'
ID=900001 ROUT='zr1_C.c' AUTH='R. Clint Whaley' KNAME='ATL_zgerk__900001' \
   rankR=0 CacheElts=6144 SSE=0 alignA=0 alignY=0 alignX=0 minM=1 minN=12  \
   NU=12 MU=1 LDAMUL=0 PFTUNABLE=1 FNU=1 INCYISONE=1  \
   MFLOP=-3.586373e+02,-3.640796e+02,0.000000e+00,-6.191523e+02,-7.152192e+02 \
     CFLAGS='-ansi -O3 -DPFXDIST=896 -DPFYDIST=448'
ID=900001 ROUT='zr1_C.c' AUTH='R. Clint Whaley' KNAME='ATL_zgerk__900001' \
   rankR=0 CacheElts=2048 SSE=0 alignA=0 alignY=0 alignX=0 minM=1 minN=12  \
   NU=12 MU=1 LDAMUL=0 PFTUNABLE=1 FNU=1 INCYISONE=1  \
   MFLOP=-3.586373e+02,-3.640796e+02,0.000000e+00,0.000000e+00,-7.483302e+02 \
     CFLAGS='-ansi -O3 -DPFADIST=0 -DPFXDIST=128 -DPFYDIST=128'
ID=900001 ROUT='zr1_C.c' AUTH='R. Clint Whaley' KNAME='ATL_zgerk__900001' \
   rankR=0 CacheElts=2048 SSE=0 alignA=0 alignY=0 alignX=0 minM=1 minN=12  \
   NU=12 MU=1 LDAMUL=0 PFTUNABLE=1 FNU=1 INCYISONE=1  \
   MFLOP=-3.660578e+02,-3.638039e+02 \
     CFLAGS='-ansi -O3 -DPFADIST=0 -DPFXDIST=384 -DPFYDIST=896'
