ID=900001 ROUT='zr2_C.c' AUTH='R. Clint Whaley' KNAME='ATL_zger2k__900001' \
   rankR=0 CacheElts=2007 SSE=0 alignA=0 alignY=0 alignX=0 minM=1 minN=2  \
   NU=2 MU=1 LDAMUL=0 PFTUNABLE=1 FNU=1 INCYISONE=1  \
   MFLOP=-6.024721e+02,-5.287400e+02 \
     CFLAGS='-ansi -O3 -DPFADIST=192 -DPFXDIST=320 -DPFYDIST=384'
ID=900001 ROUT='zr2_C.c' AUTH='R. Clint Whaley' KNAME='ATL_zger2k__900001' \
   rankR=0 CacheElts=3072 SSE=0 alignA=0 alignY=0 alignX=0 minM=1 minN=2  \
   NU=2 MU=1 LDAMUL=0 PFTUNABLE=1 FNU=1 INCYISONE=1  \
   MFLOP=-5.426894e+02,-5.291079e+02,0.000000e+00,-8.520473e+02,-7.875417e+02 \
     CFLAGS='-ansi -O3 -DPFADIST=0 -DPFXDIST=512 -DPFYDIST=512'
ID=900001 ROUT='zr2_C.c' AUTH='R. Clint Whaley' KNAME='ATL_zger2k__900001' \
   rankR=0 CacheElts=2007 SSE=0 alignA=0 alignY=0 alignX=0 minM=1 minN=2  \
   NU=2 MU=1 LDAMUL=0 PFTUNABLE=1 FNU=1 INCYISONE=1  \
   MFLOP=-5.426894e+02,-5.291079e+02,0.000000e+00,0.000000e+00,-9.198871e+02 \
     CFLAGS='-ansi -O3 -DPFXDIST=1344 -DPFYDIST=448'
ID=900001 ROUT='zr2_C.c' AUTH='R. Clint Whaley' KNAME='ATL_zger2k__900001' \
   rankR=0 CacheElts=2007 SSE=0 alignA=0 alignY=0 alignX=0 minM=1 minN=2  \
   NU=2 MU=1 LDAMUL=0 PFTUNABLE=1 FNU=1 INCYISONE=1  \
   MFLOP=-6.024721e+02,-5.287400e+02 \
     CFLAGS='-ansi -O3 -DPFADIST=192 -DPFXDIST=320 -DPFYDIST=384'
